10001 0 -146.536 -430.468 1954.08
10001 1 -141.597 -429.686 1954.08
10001 2 -157.826 -359.187 1954.08
10001 3 -152.887 -358.405 1954.08
10001 4 -77.587 -458.274 1954.08
10001 5 -75.795 -453.606 1954.08
10001 6 -201.726 -473.551 1954.08
10001 7 -198.579 -477.437 1954.08
10002 0 100.487 -391.074 1954.08
10002 1 105.426 -390.292 1954.08
10002 2 89.198 -319.794 1954.08
10002 3 94.136 -319.012 1954.08
10002 4 169.436 -418.88 1954.08
10002 5 171.228 -414.212 1954.08
10002 6 45.298 -434.158 1954.08
10002 7 48.444 -438.043 1954.08
10003 0 347.201 -352.041 1954.08
10003 1 352.139 -351.259 1954.08
10003 2 335.911 -280.761 1954.08
10003 3 340.85 -279.979 1954.08
10003 4 416.149 -379.847 1954.08
10003 5 417.941 -375.179 1954.08
10003 6 292.011 -395.124 1954.08
10003 7 295.158 -399.01 1954.08
10004 0 -281.406 -379.178 1954.08
10004 1 -276.467 -378.396 1954.08
10004 2 -270.116 -450.458 1954.08
10004 3 -265.178 -449.676 1954.08
10004 4 -224.424 -331.427 1954.08
10004 5 -221.278 -335.312 1954.08
10004 6 -347.208 -355.258 1954.08
10004 7 -345.416 -350.59 1954.08
10005 0 -34.396 -339.274 1954.08
10005 1 -29.457 -338.492 1954.08
10005 2 -23.106 -410.555 1954.08
10005 3 -18.168 -409.773 1954.08
10005 4 22.586 -291.523 1954.08
10005 5 25.732 -295.409 1954.08
10005 6 -100.198 -315.354 1954.08
10005 7 -98.406 -310.686 1954.08
10006 0 214.727 -293.971 1954.08
10006 1 219.666 -293.189 1954.08
10006 2 226.017 -365.251 1954.08
10006 3 230.956 -364.469 1954.08
10006 4 271.709 -246.22 1954.08
10006 5 274.856 -250.106 1954.08
10006 6 148.925 -270.051 1954.08
10006 7 150.717 -265.383 1954.08
10007 0 -304.216 -236.424 1954.08
10007 1 -299.277 -235.642 1954.08
10007 2 -281.823 -166.624 1954.08
10007 3 -277.068 -168.169 1954.08
10007 4 -235.267 -264.23 1954.08
10007 5 -233.475 -259.562 1954.08
10007 6 -341.059 -296.606 1954.08
10007 7 -336.773 -299.182 1954.08
10008 0 -56.913 -196.784 1954.08
10008 1 -51.974 -196.002 1954.08
10008 2 -68.202 -125.504 1954.08
10008 3 -63.264 -124.722 1954.08
10008 4 12.036 -224.59 1954.08
10008 5 13.828 -219.922 1954.08
10008 6 -112.102 -239.868 1954.08
10008 7 -108.956 -243.753 1954.08
10009 0 192.061 -151.354 1954.08
10009 1 196.999 -150.572 1954.08
10009 2 180.771 -80.074 1954.08
10009 3 185.71 -79.292 1954.08
10009 4 261.009 -179.16 1954.08
10009 5 262.801 -174.492 1954.08
10009 6 136.871 -194.438 1954.08
10009 7 140.018 -198.323 1954.08
10010 0 436.064 -115.364 1954.08
10010 1 441.003 -114.582 1954.08
10010 2 410.336 -48.494 1954.08
10010 3 415.004 -46.702 1954.08
10010 4 494.665 -160.402 1954.08
10010 5 497.674 -156.409 1954.08
10010 6 380.874 -158.448 1954.08
10010 7 384.021 -162.333 1954.08
10011 0 -438.836 -184.898 1954.08
10011 1 -433.897 -184.116 1954.08
10011 2 -427.546 -256.178 1954.08
10011 3 -422.608 -255.396 1954.08
10011 4 -381.854 -137.147 1954.08
10011 5 -378.708 -141.032 1954.08
10011 6 -504.638 -160.978 1954.08
10011 7 -502.846 -156.31 1954.08
10012 0 -191.793 -145.574 1954.08
10012 1 -186.854 -144.792 1954.08
10012 2 -180.503 -216.855 1954.08
10012 3 -175.564 -216.073 1954.08
10012 4 -134.811 -97.823 1954.08
10012 5 -131.664 -101.709 1954.08
10012 6 -257.595 -121.654 1954.08
10012 7 -255.803 -116.986 1954.08
10013 0 56.187 -127.978 1954.08
10013 1 61.126 -127.196 1954.08
10013 2 67.477 -199.258 1954.08
10013 3 72.416 -198.476 1954.08
10013 4 113.169 -80.227 1954.08
10013 5 116.316 -84.112 1954.08
10013 6 -9.615 -104.058 1954.08
10013 7 -7.823 -99.39 1954.08
10014 0 300.384 -60.074 1954.08
10014 1 305.323 -59.292 1954.08
10014 2 311.674 -131.355 1954.08
10014 3 316.612 -130.573 1954.08
10014 4 357.366 -12.323 1954.08
10014 5 360.512 -16.209 1954.08
10014 6 234.582 -36.154 1954.08
10014 7 236.374 -31.486 1954.08
10015 0 -461.639 -42.138 1954.08
10015 1 -456.701 -41.356 1954.08
10015 2 -472.929 29.143 1954.08
10015 3 -467.99 29.925 1954.08
10015 4 -392.691 -69.944 1954.08
10015 5 -390.899 -65.276 1954.08
10015 6 -516.829 -85.221 1954.08
10015 7 -513.682 -89.107 1954.08
10016 0 -214.573 -2.888 1954.08
10016 1 -209.634 -2.106 1954.08
10016 2 -225.862 68.393 1954.08
10016 3 -220.924 69.175 1954.08
10016 4 -145.624 -30.694 1954.08
10016 5 -143.832 -26.026 1954.08
10016 6 -279.512 -28.394 1954.08
10016 7 -277.558 -32.997 1954.08
10017 0 38.587 40.846 1954.08
10017 1 43.526 41.628 1954.08
10017 2 4.968 103.784 1954.08
10017 3 9.383 106.132 1954.08
10017 4 112.871 48.805 1954.08
10017 5 112.175 53.756 1954.08
10017 6 -28.282 21.071 1954.08
10017 7 -26.721 16.321 1954.08
10018 0 270.184 85.606 1954.08
10018 1 275.123 86.388 1954.08
10018 2 270.153 158.165 1954.08
10018 3 275.153 158.165 1954.08
10018 4 292.092 16.45 1954.08
10018 5 296.858 17.962 1954.08
10018 6 219.855 36.733 1954.08
10018 7 223.39 33.198 1954.08
10019 0 528.361 117.846 1954.08
10019 1 533.299 118.628 1954.08
10019 2 517.071 189.126 1954.08
10019 3 522.01 189.908 1954.08
10019 4 597.309 90.04 1954.08
10019 5 599.101 94.708 1954.08
10019 6 473.171 74.762 1954.08
10019 7 476.318 70.877 1954.08
10020 0 -352.506 53.982 1954.08
10020 1 -347.567 54.764 1954.08
10020 2 -341.216 -17.298 1954.08
10020 3 -336.278 -16.516 1954.08
10020 4 -295.524 101.733 1954.08
10020 5 -292.378 97.848 1954.08
10020 6 -418.308 77.902 1954.08
10020 7 -416.516 82.57 1954.08
10021 0 -102.703 88.206 1954.08
10021 1 -97.764 88.988 1954.08
10021 2 -91.413 16.925 1954.08
10021 3 -86.474 17.707 1954.08
10021 4 -45.721 135.957 1954.08
10021 5 -42.574 132.071 1954.08
10021 6 -168.505 112.126 1954.08
10021 7 -166.713 116.794 1954.08
10022 0 136.714 136.582 1954.08
10022 1 141.653 137.364 1954.08
10022 2 189.361 85.042 1954.08
10022 3 192.834 88.639 1954.08
10022 4 193.696 184.333 1954.08
10022 5 196.842 180.448 1954.08
10022 6 70.912 160.502 1954.08
10022 7 72.704 165.17 1954.08
10023 0 409.041 171.876 1954.08
10023 1 413.979 172.658 1954.08
10023 2 420.33 100.595 1954.08
10023 3 425.269 101.377 1954.08
10023 4 466.022 219.627 1954.08
10023 5 469.169 215.741 1954.08
10023 6 343.239 195.796 1954.08
10023 7 345.031 200.464 1954.08
10024 0 -372.163 191.542 1954.08
10024 1 -367.224 192.324 1954.08
10024 2 -383.452 262.823 1954.08
10024 3 -378.514 263.605 1954.08
10024 4 -303.214 163.736 1954.08
10024 5 -301.422 168.404 1954.08
10024 6 -427.352 148.459 1954.08
10024 7 -424.206 144.573 1954.08
10025 0 -125.199 231.049 1954.08
10025 1 -120.261 231.831 1954.08
10025 2 -136.489 302.329 1954.08
10025 3 -131.55 303.111 1954.08
10025 4 -56.251 203.243 1954.08
10025 5 -54.459 207.911 1954.08
10025 6 -180.389 187.966 1954.08
10025 7 -177.242 184.08 1954.08
10026 0 107.184 270.106 1954.08
10026 1 112.123 270.888 1954.08
10026 2 112.068 342.668 1954.08
10026 3 117.056 342.328 1954.08
10026 4 122.957 199.521 1954.08
10026 5 127.836 200.611 1954.08
10026 6 44.216 239.96 1954.08
10026 7 46.485 235.505 1954.08
10027 0 392.871 313.429 1954.08
10027 1 397.809 314.211 1954.08
10027 2 381.581 384.709 1954.08
10027 3 386.52 385.491 1954.08
10027 4 461.819 285.623 1954.08
10027 5 463.611 290.291 1954.08
10027 6 337.681 270.346 1954.08
10027 7 340.828 266.46 1954.08
10028 0 -259.963 282.642 1954.08
10028 1 -255.024 283.424 1954.08
10028 2 -248.673 211.362 1954.08
10028 3 -243.734 212.144 1954.08
10028 4 -202.981 330.393 1954.08
10028 5 -199.834 326.508 1954.08
10028 6 -325.765 306.562 1954.08
10028 7 -323.973 311.23 1954.08
10029 0 2.061 320.652 1954.08
10029 1 6.999 321.434 1954.08
10029 2 -23.667 254.564 1954.08
10029 3 -18.999 252.772 1954.08
10029 4 59.042 368.403 1954.08
10029 5 62.189 364.518 1954.08
10029 6 -63.741 344.572 1954.08
10029 7 -61.949 349.24 1954.08
10030 0 268.684 367.586 1954.08
10030 1 273.623 368.368 1954.08
10030 2 271.426 295.765 1954.08
10030 3 276.422 295.957 1954.08
10030 4 325.666 415.337 1954.08
10030 5 328.812 411.451 1954.08
10030 6 202.882 391.506 1954.08
10030 7 204.674 396.174 1954.08
10031 0 -282.759 425.149 1954.08
10031 1 -277.821 425.931 1954.08
10031 2 -294.049 496.429 1954.08
10031 3 -289.11 497.211 1954.08
10031 4 -213.811 397.343 1954.08
10031 5 -212.019 402.011 1954.08
10031 6 -337.949 382.066 1954.08
10031 7 -334.802 378.18 1954.08
10032 0 -36.109 463.929 1954.08
10032 1 -31.171 464.711 1954.08
10032 2 -47.399 535.209 1954.08
10032 3 -42.46 535.991 1954.08
10032 4 32.839 436.123 1954.08
10032 5 34.631 440.791 1954.08
10032 6 -91.299 420.846 1954.08
10032 7 -88.152 416.96 1954.08